"{\"sensor_data\":\"7a74G7m23Vrp0o5c9135291.67-1,2,-94,-100,Mozilla/5.0 (Windows NT 10.0; Win64"
"; x64) AppleWebKit/537.36 (KHTML, like Gecko) Chrome/88.0.4324.182 Safari/537.36,uaend,12147,2"
"0030107,en-US,Gecko,3,0,0,0,397104,2801154,1440,860,1440,900,1320,725,1336,,cpen:0,i1:0,dm:0,c"
"wen:0,non:1,opc:0,fc:0,sc:0,wrc:1,isc:0,vib:1,bat:1,x11:0,x12:1,8329,0.10240306151,80696640057"
"6,0,loc:-1,2,-94,-101,do_en,dm_en,t_en-1,2,-94,-105,0,0,0,0,1583,-1,0;-1,-1,0,0,-1,-1,0;0,0,0,"
"0,2121,-1,0;-1,-1,0,0,-1,-1,0;0,0,0,0,2751,2751,1;0,0,0,0,2783,2783,0;-1,2,-94,-102,0,0,0,0,15"
"83,-1,0;-1,-1,0,0,-1,-1,0;0,0,0,0,2121,-1,0;-1,-1,0,0,-1,-1,0;0,0,0,0,2751,2751,1;0,0,0,0,2783"
",2783,0;-1,2,-94,-108,-1,2,-94,-110,-1,2,-94,-117,-1,2,-94,-111,-1,2,-94,-109,-1,2,-94,-114,-1"
",2,-94,-103,-1,2,-94,-112,https://www.etihad.com/en-us/book-1,2,-94,-115,1,32,32,0,0,0,0,4,0,1"
"613932801152,-999999,17265,0,0,2877,0,0,12,0,0,47ACA25003F1D5F4A04DC7C4F295531C~-1~YAAQL1BzaL/"
"L87V3AQAAuMrkxQUMThvqnLIgmuL+gsU6h+Nf48vTGcswi5MAJugFOgHwy63qGBHASRcDVjhQSMS4FoHA7UItl7oVQIZul"
"BUunlXXK1nkUA641L0A7I7XvH/JWS5VFy5CwnfhKXU2Jek2pOI9u8SVzdNfCJVw2RDpzgtzdphKo+UTSdhMRm8dXvJobb5"
"15Z+hFZcIHnCHpO9EmLtCZiHoYb3rjWJfndHauGLvYdsJfk5lkRuxhlAPn3MPiVGcr5GYdXD0LUO/Qn1ku+X7j5TEp46/g"
"3Kfu2r5bl2lq/cT5gpa~-1~-1~-1,29355,-1,-1,30261693,PiZtE,62341,79-1,2,-94,-106,0,0-1,2,-94,-119"
",-1-1,2,-94,-122,0,0,0,0,1,0,0-1,2,-94,-123,-1,2,-94,-124,-1,2,-94,-126,-1,2,-94,-127,8-1,2,-9"
"4,-70,-1-1,2,-94,-80,94-1,2,-94,-116,42017340-1,2,-94,-118,86234-1,2,-94,-129,-1,2,-94,-121,;1"
"7;-1;0\"}"
