"{\"sensor_data\":\"7a74G7m23Vrp0o5c9135291.67-1,2,-94,-100,Mozilla/5.0 (Windows NT 10.0; Win64"
"; x64) AppleWebKit/537.36 (KHTML, like Gecko) Chrome/88.0.4324.182 Safari/537.36,uaend,12147,2"
"0030107,en-US,Gecko,3,0,0,0,397104,2801154,1440,860,1440,900,1320,725,1336,,cpen:0,i1:0,dm:0,c"
"wen:0,non:1,opc:0,fc:0,sc:0,wrc:1,isc:0,vib:1,bat:1,x11:0,x12:1,8329,0.06721616033,80696640057"
"6,0,loc:-1,2,-94,-101,do_en,dm_en,t_en-1,2,-94,-105,0,0,0,0,1583,-1,0;-1,-1,0,0,-1,-1,0;0,0,0,"
"0,2121,-1,0;-1,-1,0,0,-1,-1,0;0,0,0,0,2751,2751,1;0,0,0,0,2783,2783,0;-1,2,-94,-102,0,0,0,0,15"
"83,-1,0;-1,-1,0,0,-1,-1,0;0,0,0,0,2121,-1,0;-1,-1,0,0,-1,-1,0;0,0,0,0,2751,2751,1;0,0,0,0,2783"
",2783,0;-1,2,-94,-108,-1,2,-94,-110,-1,2,-94,-117,-1,2,-94,-111,-1,2,-94,-109,-1,2,-94,-114,-1"
",2,-94,-103,-1,2,-94,-112,https://www.etihad.com/en-us/book-1,2,-94,-115,1,32,32,0,0,0,0,1387,"
"0,1613932801152,17,17265,0,0,2877,0,0,1389,0,0,47ACA25003F1D5F4A04DC7C4F295531C~-1~YAAQL1BzaMb"
"L87V3AQAAMNvkxQW9xpRMpWGVTxnrUv5/NtyRSOxFiNe6ZSfOxMmSBccPufxGIoFOPI7ac9imC249SUnC5ZVYpUu6JD+PI"
"SV2kkpfBdu3ysVckiko/UmHhLcjiHE2QobbpZOkviIkf97O8VaJ7pABAXwMDtg0N3cZYeA4I+jiD1Q7BxyPfCKJSU9YF/X"
"aKgJCqnad9cya7FRKQidPtOLCoVg/gMttuDnOWUojVOxky9O11zanty8mzc+u+7wjWFdJbJRSkNAe3oikUbawM0y7COCkM"
"cklr+qtEiH0BtBdYAQlXgYSUX3GDUAzG9pRz38=~-1~||1-UTAPzAFFlv-1-10-1000-2||~-1,33360,251,202730061"
",30261693,PiZtE,40980,58-1,2,-94,-106,9,1-1,2,-94,-119,72,135,133,134,110,103,72,67,69,99,76,9"
"52,1069,593,-1,2,-94,-122,0,0,0,0,1,0,0-1,2,-94,-123,-1,2,-94,-124,-1,2,-94,-126,-1,2,-94,-127"
",11321144241322243122-1,2,-94,-70,-1752250632;-915298718;dis;,7,8;true;true;true;-120;true;24;"
"24;true;false;-1-1,2,-94,-80,5624-1,2,-94,-116,42017340-1,2,-94,-118,94016-1,2,-94,-129,ddf68f"
"2157d3c0edf2744f0b57b5e4c63840c2c94b8cc853141f293336e1e305,1,a712c19fde04cde08d21754c81e951066"
"896404f0eac6cbfd5255e434d879986,,,,0-1,2,-94,-121,;241;33;1\"}"
