"{\"sensor_data\":\"7a74G7m23Vrp0o5c9135291.67-1,2,-94,-100,Mozilla/5.0 (Windows NT 10.0; Win64"
"; x64) AppleWebKit/537.36 (KHTML, like Gecko) Chrome/88.0.4324.182 Safari/537.36,uaend,12147,2"
"0030107,en-US,Gecko,3,0,0,0,397104,2801154,1440,860,1440,900,1320,725,1336,,cpen:0,i1:0,dm:0,c"
"wen:0,non:1,opc:0,fc:0,sc:0,wrc:1,isc:0,vib:1,bat:1,x11:0,x12:1,8329,0.15719766278,80696640057"
"6,0,loc:-1,2,-94,-101,do_en,dm_en,t_en-1,2,-94,-105,0,0,0,0,1583,-1,0;-1,-1,0,0,-1,-1,0;0,0,0,"
"0,2121,-1,0;-1,-1,0,0,-1,-1,0;0,0,0,0,2751,2751,1;0,0,0,0,2783,2783,0;-1,2,-94,-102,0,0,0,0,15"
"83,-1,0;-1,-1,0,0,-1,-1,0;0,0,0,0,2121,-1,0;-1,-1,0,0,-1,-1,0;0,0,0,0,2751,2751,1;0,0,0,0,2783"
",2783,0;-1,-1,1,0,-1,317,0;-1,2,-94,-108,-1,2,-94,-110,0,1,7421,531,34;1,1,7584,807,60;2,1,815"
"1,1227,69;3,1,8423,1269,43;4,1,8785,1310,94;5,1,8794,1319,104;-1,2,-94,-117,-1,2,-94,-111,0,26"
"97,-1,-1,-1;-1,2,-94,-109,0,2696,-1,-1,-1,-1,-1,-1,-1,-1,-1;-1,2,-94,-114,-1,2,-94,-103,-1,2,-"
"94,-112,https://www.etihad.com/en-us/book-1,2,-94,-115,1,56078,32,2697,2696,0,61439,8796,0,161"
"3932801152,17,17265,0,6,2877,0,0,8977,54551,0,47ACA25003F1D5F4A04DC7C4F295531C~0~YAAQL1BzaMfL8"
"7V3AQAAbeDkxQWNQETkk1l1QFnnOb1zyVZ5dK7hynlkune5xmsKwy6h/7AfMJmvxnv4VLzCwOlw6MIFOA1d3PFLBmxU4q4"
"NYemc3xMmSvPzQ56QJQg0fB4JJq70a37UC6lKGtGQar02n86LlDX7OIQ8NHWw0X7HN1dVxS7wubgLeV9IRI15AUJhU1U1Z"
"gKYw0HSarashnO5QeKr/RUvMlPi5T7NgkbLTGi5BpZYdrjFlk+EVmr8uzCIvWT9db35PJCCJpXH6YXHLYtPxYIPzZSpSkl"
"dIbdbRVx/t3VqUSjk4BQ19ByFgmODObjmlVGkOfhC0/y8XBCWsQpJaQ==~-1~||1-UTAPzAFFlv-1-10-1000-2||~-1,3"
"4507,251,202730061,30261693,PiZtE,34659,62-1,2,-94,-106,8,2-1,2,-94,-119,634,130,526,131,172,1"
"26,74,73,75,70,62,663,586,3426,-1,2,-94,-122,0,0,0,0,1,0,0-1,2,-94,-123,-1,2,-94,-124,0.e18a21"
"369a377,0.9c1fa46134575,0.ce48b85687966,0.f6c0af24de8e6,0.c49d18553eadf,0.42f7115b9c049,0.250f"
"8a5489d26,0.13ab0f7a4e15f,0.23db60c369c3c,0.5ecdb11205073;1,5,8,66,2,19,3,18,1,1;0,2,1,1,5,2,3"
",35,0,1;47ACA25003F1D5F4A04DC7C4F295531C,1613932801152,UTAPzAFFlv,47ACA25003F1D5F4A04DC7C4F295"
"531C1613932801152UTAPzAFFlv,1,1,0.e18a21369a377,47ACA25003F1D5F4A04DC7C4F295531C1613932801152U"
"TAPzAFFlv10.e18a21369a377,238,200,128,196,169,182,252,41,179,146,50,62,190,48,67,182,142,153,1"
"97,101,249,231,105,192,71,102,82,3,76,190,17,247,1316,0,1613932809948;-1,2,-94,-126,-1,2,-94,-"
"127,11321144241322243122-1,2,-94,-70,-1752250632;-915298718;dis;,7,8;true;true;true;-120;true;"
"24;24;true;false;-1-1,2,-94,-80,5624-1,2,-94,-116,42017340-1,2,-94,-118,136301-1,2,-94,-129,dd"
"f68f2157d3c0edf2744f0b57b5e4c63840c2c94b8cc853141f293336e1e305,1,a712c19fde04cde08d21754c81e95"
"1066896404f0eac6cbfd5255e434d879986,,,,0-1,2,-94,-121,;189;33;0\"}"
